
3


6
428571

1

09
3
692307
714285
6

1
5
684210526315789473

761904
45
2173913043478260869565
6

384615
703
857142
5
3
2

03
1
285714
7
702
842105263157894736
564102

43902
238095
5
72
2
6086956521739130434782
4
3
5

5490196078431372
692307
8
185
18
428571
2
4
6
6
8
2
587301

153846
15
8
8
8
142857
1
8
86301369
135
3
421052631578947368
298701
128205
2

456790123
12195
7
619047
8
1
1
36
4
1
098901
3043478260869565217391
8
5
736842105263157894
6
5
5
01

0
2745098039215686
9
846153
095238
2
1
592
6
09
0
714285
7
7
0434782608695652173913
5
0
3
4
3
9
2
0
2
0
079365
0
0
7
076923
4
57
9
1
074
1
0
1
9
571428
0
1
0
4
5
93150684
0
567
0
6
0
210526315789473684
7
064935
2
564102
3
1
0
0
9
728395061
5
56097
06
5
8
809523
4
1
0
5
5
8
857142
18
0
2
2
5
6
054945
0
6521739130434782608695
054
4
0
5
0
368421052631578947
0
3
9
5
051282
5
0
05
0
0
0
0495
8
1372549019607843
04878
8
0
923076
9
047619
0
1
1
9
1
296
0
2
0
54
7
045
8
857142
4
2
1
2
4
5217391304347826086956
0
4
1
042735
5
8
0
2
0
6
0
2
0
1
5
04065
9
2
0
0
0
539682
9
0
5098039215686274
0
6
5
0
538461
0
2
9
78
6
406015037593984962
8
8
4
037
0
8
0
96350364
63
8
10
3
0
285714
4
9
3
3
7
034965
0
2
4
5
1
46575342
0
1
3
783
0
3
6
3
2
1
0
105263157894736842
7
0915032679738562
2
532467
1
2
2
282051
3
5
031746
5
5
8
4
0
04
4
0
641975308
230769
4
2
78048
5
03
2
7
0
4
1
904761
1
6
3
1
0
6
0
1
5
8
7
1
9
428571
0
09
1
9
2
5
4
4
6
7
34
6
6
527472
97260273
3
9
8260869565217391304347
0
027
1
8
0
4
6
4
4
5
2
684210526315789473
0
4
4
6
025974
9
0
7
9
025641
40
5
01
3
5
52
0
0
6
0
0
9
0
5247
691358024
2
0
5686274509803921
2
02439
0
3
70
0676328502415458937198
5
461538
6
4
4
523809
1
5
6
6
1
5
0
1
0
5
0
148
3
3
8
0
7
2
0
27
2
43
1
2
8
4
2
428571
2
2
0
7
0
5
021978
7
7
4
0
2608695652173913043478
64
021645
1
4
4
5
0
521367
5
4
3
4
1
1097046413502
947368421052631578
3
0
0209205
2
3
0
3
3
1
5
761316872427983539094650205
3
5
1
5
7
52032
8
02
02
2
0
0
6
0
2
0
2
269841
0198
3715415019762845849802
8
9
6
2549019607843137
0
0
7
8
3
7
9
019305
62
692307
80
2
2
0
619047
1
0
39
5
8
8
9
0
0
9
1
4
3
5
518
6
01845
2
8
3
018315
5
48175182
0
81
7
1
1
05
018
6
4
1
8
142857
1
2
7
0
2
2
6
3
2
2
8
517482
80
8
6086956521739130434782
1
7
2
9
4
4
3
6
23287671
017094
4
0
0
6
6
0
891
9
016835
2
7
0
49
0
6
0
1
0
2
4710743801652892561983
0165
7
052631578947368421
9
8
29
3
5
6
01626
3
7
5
2
2
6
1
0
641025
0
8
3
7
1
015873
1
2
0
7
0
4
0
2
2
0
0
8
3
2
5
6
6
432098765
0
615384
0
5
10
1
8
39024
0
7
0
51
6
7
0
6
962406015037593984
015
95
2
1
8
0
523809
7
1
814
3
6
6
0
8
9
1
1
8
98540145
7
7
5
5
4
96
9
0
8
3
2
7
3
5
714285
4
014245
6
54
8
9
0
0
3
1
0
7
2
2
013986
2
0
3
3
8
3
17
0
3
4
7
6
263736
6
98630136
4
4
9
4
1
9130434782608695652173
8
5
6
513
6
6
6
4
4
4
8
3
2
3
9
5
0
2
1
2
0
1
6
842105263157894736
5
9
9
0
6
2
1
3
8
012987
8
6
9
3
2
8
0
9
0
128205
6
20
6
5
6
0
3
1
1
2
5
26
0
3
2
0
2
0
5
0
3
0
0
0
8
6
9
7623
7
345679012
4
0
0
2
4
8431372549019607
8
1
0
51219
8
65450121
6
6
21
35
4
9
1
7
4
230769
8
1
1
8
0
7
6
761904
91
0
3
7
8
9
8
8
7
8
6
7
4
9
1
5
4
5
9
1
0
2
9
074
3
6
5
0
1
1
0
5
2
8
571428
1
5
0
1
63
9
3
6
2
9
5
5
261
1
4
5
0
9
1
7
714285
2
1
2
1
2
1
1
2
3
4
5
7
0
010989
4
2
5
9
5
2
2
9
2
1304347826086956521739
4
9
93
2
108
5
4
5
8
8
57
7
0
46
7
760683
84
9
8
5
7
5
8
2
010582
2
8
1054852320675
7
473684210526315789
6
4
1
0482180293501
8
5104602
4
2
0
6
7
010395
6
5
9
0
1
3
4
5
3
9
8
7
410256
7
0
8
0
5
4
8
6
26016
01
2
9
878542510121457489
6
01
3
2
2
50
0
0
9
3
0
0
